4.76837158203125e-05
4.863739013671875e-05
4.8160552978515625e-05
5.030632019042969e-05
4.76837158203125e-05
4.696846008300781e-05
4.673004150390625e-05
4.363059997558594e-05
4.5299530029296875e-05
4.696846008300781e-05
0.00010466575622558594
0.00010395050048828125
0.00010848045349121094
0.00010585784912109375
0.00010132789611816406
0.00010204315185546875
0.00010371208190917969
0.00010442733764648438
0.00010228157043457031
0.00010919570922851562
0.00019407272338867188
0.0002048015594482422
0.0001881122589111328
0.0002014636993408203
0.00018906593322753906
0.00019407272338867188
0.00020170211791992188
0.0001876354217529297
0.00019860267639160156
0.0001876354217529297
0.0002980232238769531
0.00029969215393066406
0.0003261566162109375
0.00030350685119628906
0.00030112266540527344
0.0002989768981933594
0.00029540061950683594
0.0002970695495605469
0.00029349327087402344
0.0002999305725097656
0.0004622936248779297
0.0004763603210449219
0.000457763671875
0.0004620552062988281
0.0004673004150390625
0.00045561790466308594
0.0004661083221435547
0.0004544258117675781
0.00045490264892578125
0.00045990943908691406
