4.863739013671875e-05
5.4345855712890625e-05
5.6253204345703125e-05
5.649162292480469e-05
4.8160552978515625e-05
5.14984130859375e-05
4.9114227294921875e-05
4.482269287109375e-05
4.839897155761719e-05
4.649162292480469e-05
0.00012302398681640625
0.00011992454528808594
0.00013685226440429688
0.00011324882507324219
0.00011944770812988281
0.00012421607971191406
0.00011706352233886719
0.00011777877807617188
0.0001220703125
0.0001227855682373047
0.00024008750915527344
0.0002307891845703125
0.00023126602172851562
0.00022721290588378906
0.0002472400665283203
0.0002295970916748047
0.0002334117889404297
0.0002276897430419922
0.0002300739288330078
0.00023174285888671875
0.00037670135498046875
0.0003814697265625
0.000385284423828125
0.00038123130798339844
0.00037860870361328125
0.0003914833068847656
0.0003807544708251953
0.0003962516784667969
0.0003750324249267578
0.00038313865661621094
0.0006189346313476562
0.0006091594696044922
0.0006411075592041016
0.0006062984466552734
0.0006532669067382812
0.0006093978881835938
0.0006072521209716797
0.0006339550018310547
0.0006170272827148438
0.0006213188171386719
