5.626678466796875e-05
4.9591064453125e-05
5.0067901611328125e-05
5.5789947509765625e-05
7.724761962890625e-05
5.14984130859375e-05
5.650520324707031e-05
5.054473876953125e-05
4.935264587402344e-05
5.030632019042969e-05
0.0001347064971923828
0.0001220703125
0.00012564659118652344
0.00012540817260742188
0.00012373924255371094
0.0001227855682373047
0.0001251697540283203
0.000125885009765625
0.000125885009765625
0.000125885009765625
0.0002422332763671875
0.0002646446228027344
0.00026416778564453125
0.00024080276489257812
0.00026917457580566406
0.0002434253692626953
0.00024199485778808594
0.0002455711364746094
0.0002522468566894531
0.00023984909057617188
0.0004279613494873047
0.0004222393035888672
0.00041937828063964844
0.0004589557647705078
0.00042247772216796875
0.0004215240478515625
0.00045013427734375
0.0004601478576660156
0.0004279613494873047
0.00046372413635253906
0.0006877017974853516
0.00078746337890625
0.0006110668182373047
0.0006096363067626953
0.0006010532379150391
0.0006029605865478516
0.0006213188171386719
0.0006260871887207031
0.0008884170532226562
0.000768389892578125