20.257981061935425
20.036835193634033
19.29798650741577
19.196760177612305
18.998242139816284
18.043280363082886
18.096391677856445
19.614217042922974
19.270610332489014
19.369609355926514
20.502803802490234
20.230026483535767
20.92617154121399
20.99865221977234
20.96328043937683
19.12531042098999
19.976848125457764
20.333437204360962
20.241147994995117
20.436930179595947
23.725971460342407
23.51451539993286
23.08818221092224
23.17160177230835
23.117044925689697
23.222557067871094
23.31483030319214
23.141925811767578
23.17161798477173
23.22500705718994
25.563915491104126
25.088056802749634
25.147221088409424
25.026890516281128
25.05760669708252
25.05376434326172
25.064776182174683
24.10483694076538
24.095444202423096
24.0866277217865
27.37116503715515
27.324567556381226
26.505714893341064
27.207390308380127
26.959742546081543
26.343265771865845
27.3158016204834
26.271459817886353
27.33117365837097
26.953601360321045