8.93514108657837
7.60918402671814
6.653018712997437
6.652674913406372
6.586448431015015
6.638317823410034
6.581623792648315
6.543903112411499
6.588796854019165
6.656219005584717
8.985335350036621
7.668270111083984
7.629523515701294
7.692182064056396
7.684082508087158
7.601048946380615
7.65182375907898
7.587595462799072
7.689327239990234
7.642159700393677
9.302438735961914
8.741274118423462
8.732117891311646
8.723544359207153
8.740751504898071
8.709840774536133
8.831255435943604
8.853994607925415
8.345624923706055
8.345409154891968
10.283499240875244
10.839619159698486
10.734096765518188
10.804865837097168
10.7782461643219
10.343061923980713
10.36311960220337
9.354029893875122
9.323797702789307
9.342386960983276
10.020975589752197
10.759485960006714
10.595518589019775
10.28242015838623
10.235647916793823
11.218181848526001
11.239680051803589
11.213990211486816
11.220091819763184
11.215426206588745