19.230229139328003
18.010382890701294
17.99764084815979
18.775388956069946
19.278330326080322
19.28650951385498
19.23033308982849
18.078280448913574
19.620760440826416
19.355292558670044
21.025700092315674
21.395853757858276
21.268442153930664
21.282575845718384
21.238093852996826
21.185755014419556
21.977503061294556
21.16828989982605
21.245616674423218
21.23376154899597
23.639421224594116
23.290968418121338
23.304418087005615
23.313706398010254
23.10915446281433
23.80470848083496
23.1170973777771
23.195061206817627
23.295572519302368
23.30495262145996
25.284050226211548
25.531052827835083
25.4178204536438
25.272910118103027
25.702683925628662
25.20948076248169
25.30703091621399
25.222776412963867
25.251411199569702
25.731712579727173
27.844560861587524
27.592853307724
27.511107444763184
27.47783064842224
27.320098400115967
27.404932498931885
27.452188968658447
27.423017740249634
25.393038511276245
25.447860717773438
