0.0005023479461669922
0.0005953643798828125
0.0005749298095703125
0.0005562305450439453
0.0005217262268066406
0.00056372413635253906
0.0005156993865966797
0.00057278404235839844
0.00057206878662109375
0.0005863739013671875
0.0005718303680419922
0.0005742145538330078
0.0004581378936767578
0.0004930496215820312
0.0004971027374267578
0.00058746337890625
0.000599725341796875
0.0005994869232177734
0.0005916191101074219
0.0005940032958984375
0.0005040168762207031
0.0005703998565673828
0.000569207763671875
0.0005886161804199219
0.0005640289306640625
0.000513040542602539
0.0005775524139404297
0.0005044937133789062
0.0005942417144775391
0.0005887580871582031
0.0005548633575439453
0.0005792213439941406
0.0005197525024414062
0.0005133152008056641
0.0005755424499511719
0.0005714199066162109
0.0005870891571044922
0.0005819797515869141
0.0005667209625244141
0.0005749298095703125
0.0005469322204589844
0.0005640289306640625
0.0005978179931640625
0.0005624294281005859
0.0005715919494628906
0.0005624294281005859
0.00058160552978515625
0.00058160552978515625
0.0005132125854492188
0.0005940032958984375
