0.0006136894226074219
0.0006489753723144531
0.0006475448608398438
0.0006301403045654297
0.0006215572357177734
0.0006656646728515625
0.0006289482116699219
0.0006127357482910156
0.0006272792816162109
0.0006268024444580078
0.0006251335144042969
0.0006296634674072266
0.0006835098266601562
0.0006201267242431641
0.0006558895111083984
0.0006405281066894531
0.0006283687591552734
0.0006717609405517578
0.0006182193756103516
0.0006341934204101562
0.000644683837890625
0.0006502307891845703
0.0006283687591552734
0.0006766319274902344
0.0006357597351074219
0.0006422996520996094
0.000690010070800781
0.0006088848114013672
0.0006244182586669922
0.0006434917449951172
0.0006453990936279297
0.0006300376892089844
0.0006556510925292969
0.0006464885711669922
0.0006120204925537109
0.0006511211395263672
0.000640869140625
0.0006512569427490234
0.0006076263427734375
0.0006101131439208984
0.0006451606750488281
0.0006494522094726562
0.0006515979766845703
0.000667572021484375
0.0006584396362304688
0.0006305145263671875
0.0006570816040039062
0.0006322860717773438
0.0006363391876220703
0.0006042884826660156
