0.0008670951843261719
0.0008194114685058594
0.0008310939788818359
0.0008010532379150391
0.00081798095703125
0.0008457038879394531
0.0008146430969238281
0.0008123947143554688
0.0008124973297119141
0.0008742477416992188
0.0008392002105712891
0.0008701946258544922
0.000933212280273438
0.000878376007080078
0.0008318092346191406
0.0008418228149414062
0.0008566047668457031
0.0008232261657714844
0.0008122920989990234
0.0008227493286132812
0.0008279945373535156
0.0008949901580810547
0.0008937980651855469
0.0008303787231445312
0.0008144046783447266
0.0008649494171142578
0.0008506443023681641
0.00083609390258789
0.0008432533264160156
0.0008995201110839844
0.0008903244018554688
0.0008677078247070312
0.0008497570037841797
0.0008177425384521484
0.0008244182586669922
0.0008508827209472656
0.0008501674652099609
0.0008983280181884766
0.0008024837493896484
0.0008427764892578125
0.0008442070007324219
0.00087574462890625
0.0008449222564697266
0.0008349086761474609
0.0008208751678466797
0.0008967617034912109
0.0008151199340820312
0.0008690689086914062
0.0008704330444335938
0.0008147789001464844
