0.00005650520324707031
0.00006246566772460938
0.00006198883056640625
0.00005555152893066406
0.00009131431579589844
0.00006198883056640625
0.00005793571472167969
0.00008249282836914062
0.0000667572021484375
0.0000567572021484375
0.0001232624053955078
0.00011992454528808594
0.00013685226440429688
0.00022459030151367188
0.0001251697540283203
0.00011920928955078125
0.0001239776611328125
0.0001251697540283203
0.00013756752014160156
0.0001270771026611328
0.00022792816162109375
0.00030231475830078125
0.000209808349609375
0.00022292137145996094
0.00022101402282714844
0.00020384788513183594
0.00020933151245117188
0.0002422332763671875
0.0002334117889404297
0.0002205371856689453
0.0003315708160400391
0.0003364086151123047
0.0003020069122314453
0.0003091594696044922
0.0003631114959716797
0.0003541179656982422
0.00031103363037109375
0.0003387928009033203
0.00032448768615722656
0.0005786418914794922
0.0006140304565429688
0.0006885196685791016
0.0006937648773193359
0.0006059242248535156
0.00067659873962402344
0.0006620552062988281
0.0006706382751464844
0.0006232261657714844
0.0006108283996582031
0.000603862762451172