0.00010180473327636719
8.249282836914062e-05
9.298324584960938e-05
0.0001125335693359375
6.103515625e-05
8.988380432128906e-05
8.463859558105469e-05
6.341934204101562e-05
6.389617919921875e-05
9.679794311523438e-05
0.0001475811004638672
0.00015963783264160156
0.00019931793212890625
0.00017714500427246094
0.00010456314086914062
0.00015783309936523438
0.00015664100646972656
0.0001456737518310547
0.000155584716796875
0.00014019012451171875
0.0002770423889160156
0.0002732276916503906
0.00026345252990722656
0.00041866302490234375
0.0003020763397216797
0.0002593994140625
0.0002598762512207031
0.0004851818084716797
0.00029158592224121094
0.0002703998565673828
0.0004801750183105469
0.00043320655822753906
0.00044846534729003906
0.000315802001953125
0.0003320655822753906
0.0004405975341796875
0.0004291534423828125
0.0003018711090087891
0.0004432201385498047
0.0004878044128417969
0.0006287097930908203
0.0006685256958007812
0.000621795654296875
0.0006775856018066406
0.0006287097930908203
0.0006337165832519531
0.0006110668182373047
0.0011796951293945312
0.0006334781646728516
0.0006361007690429688