7.033348083496094e-05
0.00010180473327636719
9.0558319091796875e-05
9.961822509765625e-05
0.0001728534698486328
0.00010180473327636719
8.296966552734375e-05
9.822845458984375e-05
9.650520324707031e-05
9.843971252441406e-05
0.00015234947204589844
0.00012946128845214844
0.00025211105346679688
0.00024781951904296875
0.0001304149627685547
0.00025807151794433594
0.00015115737915039062
0.0001552104949951172
0.00016951560974121094
0.0001533031463623047
0.0003422332763671875
0.0003605915069580078
0.00024771690368652344
0.00032830238342285156
0.00027751922607421875
0.00043845176696777344
0.0002484321594238281
0.0004475116729736328
0.00028967857360839844
0.0005102157592773438
0.00042438507080078125
0.0004363059997558594
0.00041604042053222656
0.00043272972106933594
0.00051747093200683594
0.0005336833953857422
0.00041365623474121094
0.0004012584686279297
0.0005532337188720703
0.00041413307189941406
0.0012755393981933594
0.001111745834350586
0.0006563663482666016
0.0006744861602783203
0.0006194114685058594
0.0006120204925537109
0.0007860660552978516
0.0008444786071777344
0.0005979537963867188
0.0006086826324462891