total num:20,dropout num:0
0.0215793049428612
0.021639060927554965
0.021384724997915328
0.021506732096895576
0.02126094012055546
0.021123045007698238
0.02164135512430221
0.021081098006106913
0.02121257863473147
0.0211033180821687
total num:20,dropout num:2
0.01917367917485535
0.01912052824627608
0.019295357051305473
0.019415622111409903
0.019342923420481384
0.01929687790106982
0.01914911810308695
0.019291152828373015
0.01912498113233596
0.01925416791345924
total num:20,dropout num:4
0.01714288559742272
0.01716341928113252
0.017149224993772805
0.01710765005555004
0.01714105496648699
0.017134537105448544
0.017813609214499593
0.017047789180651307
0.01711319910828024
0.017065821099095047
total num:20,dropout num:6
0.015296928118914366
0.014935616170987487
0.015196565189398825
0.015673934831283987
0.01495158881880343
0.014963578199967742
0.01489186508115381
0.015054235933348536
0.015573320793919265
0.015010859235189855
total num:40,dropout num:0
0.04300117935054004
0.0429316412191838
0.04250182129908353
0.04243694921024144
0.04300730931572616
0.043041814933530986
0.042675032280385494
0.042544765514321625
0.04262042767368257
0.042693716124631464
total num:40,dropout num:4
0.03864042623899877
0.03854702622629702
0.03870802465826273
0.038567276671528816
0.03868678328581154
0.038573089987039566
0.038735989830456674
0.03871892380993813
0.03886145690921694
0.0388978625414893
total num:40,dropout num:8
0.034381530713289976
0.034450708073563874
0.03438387589994818
0.03437268908601254
0.034231649013236165
0.03474868752527982
0.03452907351311296
0.0349414786323905
0.034918239107355475
0.03584615560248494
total num:40,dropout num:12
0.030234390986151993
0.03055874421261251
0.03038086520973593
0.030066595994867384
0.029892118647694588
0.03001012234017253
0.03034817217849195
0.030231345212087035
0.03005914285313338
0.030439530964940786
total num:60,dropout num:0
0.06512699008453637
0.06430134305264801
0.0651900302618742
0.06480128166731447
0.06487664289306849
0.06478147045709193
0.0640686423284933
0.06446035823319107
0.06415500293951482
0.06483298365492374
total num:60,dropout num:6
0.05838050483725965
0.05792837112676352
0.057961335056461394
0.059039593557827175
0.05825152562465519
0.059590307995676994
0.05843353713862598
0.05832162708975375
0.057975451345555484
0.05835622770246118
total num:60,dropout num:12
0.052496726042591035
0.05158451269380748
0.05160452926065773
0.05208732304163277
0.05158482072874904
0.05143878154922277
0.051986732869409025
0.051429694634862244
0.052006571320816875
0.05175608512945473
total num:60,dropout num:18
0.04525050020311028
0.04511845170054585
0.04521505511365831
0.04561258386820555
0.045389696839265525
0.04572499368805438
0.04510394239332527
0.04519721202086657
0.04590513359289616
0.04533901729155332
total num:80,dropout num:0
0.08556258887983859
0.08605570113286376
0.08568931138142943
0.08557723893318325
0.08650659606792033
0.08590113488025963
0.08627098146826029
0.08677432616241276
0.08693946490529925
0.08661749202292413
total num:80,dropout num:8
0.07738904235884547
0.0773084486136213
0.07729330088477582
0.07725688489153981
0.07758635759819299
0.07783642131835222
0.07695787632837892
0.07780131348408759
0.07732355000916868
0.07730641704984009
total num:80,dropout num:16
0.06851939833723009
0.06876486563123763
0.06872033944819123
0.06894596002530307
0.0688444561092183
0.06863641471136361
0.06936211860738695
0.06888097780756652
0.06930607743561268
0.06875147868413478
total num:80,dropout num:24
0.060639707488007843
0.06026245513930917
0.06036782078444958
0.060329488245770335
0.060630769934505224
0.060813607182353735
0.06073920300696045
0.060505827656015754
0.061159757198765874
0.060338253853842616
total num:100,dropout num:0
0.10769508429802954
0.10717931727413088
0.1074287286028266
0.10789257299620658
0.1073620873503387
0.10735092288814485
0.10715107282157987
0.10714712366461754
0.10637366666924208
0.1073703789152205
total num:100,dropout num:10
0.09855205402709544
0.09686417505145073
0.0986128996592015
0.09794565406627953
0.09955215349327773
0.09836332534905523
0.09872346103657037
0.0977562862681225
0.09687377617228776
0.09773665003012866
total num:100,dropout num:20
0.08821663679555058
0.08731422654818743
0.08623641927260906
0.08581103314645588
0.08733882976230234
0.08597642090171576
0.08639187086373568
0.08703082031570375
0.08646103832870722
0.08693429885897785
total num:100,dropout num:30
0.07577305613085628
0.07591421669349074
0.07551139313727617
0.07554707175586373
0.07593889127019793
0.07589376077521592
0.07596009562257677
0.07661391829606146
0.07642967102583498
0.07630874880123883
