total num:20,dropout num:0
2.4750943009275943
2.486808879999444
2.4430804140865803
2.4442226770333946
2.443541389075108
2.427847736980766
2.4321664050221443
2.4179306029109284
2.4298392640193924
2.4277760529657826
total num:20,dropout num:2
2.1890344079583883
2.1694658949272707
2.182509639998898
2.208973061060533
2.183151573059149
2.1809927920112386
2.1924131349660456
2.1893756730714813
2.179591399966739
2.1784119630465284
total num:20,dropout num:4
1.9326493260450661
1.9420748230768368
1.937636879971251
1.945786468917504
1.9454145149793476
1.9545961829135194
1.9321156789083034
1.9503670861013234
1.95489312405698
1.9520031060092151
total num:20,dropout num:6
1.7119605119805783
1.7021182040916756
1.7015750339487568
1.7037878340343013
1.6977661569835618
1.7267790519399568
1.7037425480084494
1.6990097520174459
1.6918038319563493
1.6949195229681209
total num:40,dropout num:0
4.8775469770189375
4.873691738001071
4.855049111065455
4.875740855000913
4.862957769073546
4.875452600070275
4.8906761929392815
4.908114805002697
4.885552239022218
4.853885913034901
total num:40,dropout num:4
4.410306919016875
4.398261425085366
4.393672054982744
4.377461944939569
4.402731285081245
4.405045031919144
4.411286505055614
4.379669475019909
4.40391800692305
4.394941176054999
total num:40,dropout num:8
3.9026347550097853
3.891667749034241
3.8906324729323387
3.9224054779624566
3.90087487292476
3.892216423060745
3.9044590109260753
3.9434940890641883
3.915850481018424
3.9376637740060687
total num:40,dropout num:12
3.4771394489798695
3.4353412269847468
3.4546186010120437
3.413218978093937
3.4064357329625636
3.4184853540500626
3.4402310689911246
3.414091939921491
3.401588528067805
3.420702507952228
total num:60,dropout num:0
7.364296257961541
7.342532598064281
7.308957576053217
7.369135229033418
7.289798924000934
7.3468808269826695
7.3809870990226045
7.329711499041878
7.324149240041152
7.361711613018997
total num:60,dropout num:6
6.576361501007341
6.603501730947755
6.602207545074634
6.607968267984688
6.628855295013636
6.585756757063791
6.616072481032461
6.564358280040324
6.606411859975196
6.611009843065403
total num:60,dropout num:12
5.866267229896039
5.865220315987244
5.8833309629699215
5.889900403912179
5.882488803938031
5.86802783398889
5.891794816008769
5.86575969401747
5.843975477968343
5.883686273009516
total num:60,dropout num:18
5.132390354992822
5.138297544093803
5.123254496022128
5.117508625960909
5.135593016981147
5.110620619030669
5.141228416003287
5.143909805919975
5.119344577076845
5.126067911973223
total num:80,dropout num:0
9.752966482075863
9.740476650069468
9.832033797982149
9.828695126925595
9.851962188025936
9.793208527029492
9.824691452900879
9.869097743998282
9.85557070095092
9.746032821945846
total num:80,dropout num:8
8.784129324019887
8.824549498967826
8.838236114941537
8.814503117930144
8.783230160013773
8.855648269993253
8.796341935987584
8.833301400998607
8.76490205700975
8.792240615934134
total num:80,dropout num:16
7.851397621096112
7.8373269939329475
7.831193852936849
7.813883449067362
7.861133549944498
7.861376908025704
7.825102134025656
7.7886585970409214
7.801212077960372
7.853309220983647
total num:80,dropout num:24
6.872973490972072
6.86404848692473
6.9080388160655275
6.887945944909006
6.8682643349748105
6.882308903965168
6.876970980898477
6.877024651970714
6.844170146039687
6.850802473956719
total num:100,dropout num:0
12.322975249029696
12.259802883025259
12.262237570015714
12.282123292912729
12.235788806923665
12.220515095978044
12.207956712925807
12.240917152026668
12.184091318049468
12.2512446930632
total num:100,dropout num:10
10.951264449977316
11.06279248604551
11.033267604070716
10.997386211995035
11.0379250299884
11.027102714055218
11.055263315909542
10.960920431069098
11.072449202998541
11.076335340971127
total num:100,dropout num:20
9.784015943994746
9.792619006941095
9.767845208058134
9.880546801025048
9.849973344942555
9.829658739035949
9.778931332053617
9.811021244036965
9.770766220986843
9.790112133952789
total num:100,dropout num:30
8.55077705392614
8.619841993087903
8.582090559066273
8.59607218997553
8.562709536985494
8.592667735996656
8.557342018000782
8.563652736949734
8.618376870988868
8.661251462064683
