total num:20,dropout num:0
0.41223710135091096
0.4171794301364571
0.4126310870051384
0.4093424149323255
0.4073967169970274
0.4055961052654311
0.40970947802998126
0.4033490139991045
0.40748071938287467
0.40385875676292926
total num:20,dropout num:2
0.3651881581172347
0.36413851706311107
0.3647809678222984
0.36601684184279293
0.36962895817123353
0.3633400311227888
0.364222455304116
0.36498015897814184
0.36476394976489246
0.3668450112454593
total num:20,dropout num:4
0.3253064901800826
0.3282776039559394
0.32448787067551166
0.32451623177621514
0.32656725111883134
0.325352203915827
0.3327866031322628
0.32421017985325307
0.32739478279836476
0.32420909497886896
total num:20,dropout num:6
0.2873507949989289
0.28388713975436985
0.28742511407472193
0.29133598087355494
0.28477277723141015
0.28399227012414485
0.2842364937532693
0.28456874389667064
0.2928783348761499
0.2848262117477134
total num:40,dropout num:0
0.8190208309097216
0.8154513891786337
0.8124264200450853
0.8084021536633372
0.8117523068794981
0.8201786922290921
0.8090173292439431
0.809047604445368
0.8169264181051403
0.8129905890673399
total num:40,dropout num:4
0.7294275411404669
0.7313329431926832
0.7343193045817316
0.728135236655362
0.734565124148503
0.7315211740788072
0.7308884924277663
0.7337955856928602
0.7373594228411093
0.7315511568449438
total num:40,dropout num:8
0.6494366511469707
0.6501771647017449
0.6531418178929016
0.6525415359064937
0.6475561949191615
0.6584957201266661
0.6496084118261933
0.6574553464306518
0.6559682661900297
0.6691262819804251
total num:40,dropout num:12
0.5734046458965167
0.5767630116315559
0.5756441650446504
0.5698179817991331
0.5717538404278457
0.5675613626372069
0.5670791589654982
0.5687408368103206
0.5675948404241353
0.5694930304307491
total num:60,dropout num:0
1.231125962571241
1.2207241517025977
1.2352563523454592
1.229982985649258
1.2219591056928039
1.2266818648204207
1.2167029159609228
1.2227651511784643
1.2187490614596754
1.230376238701865
total num:60,dropout num:6
1.1010846947319806
1.0967232999391854
1.100816679885611
1.1107597005320713
1.096505626454018
1.1157606830820441
1.1015388818923384
1.0942220109282061
1.101512235822156
1.0964833952020854
total num:60,dropout num:12
0.9834565611090511
0.9749762245919555
0.9751015272922814
0.982909673708491
0.9768520086072385
0.9736355665372685
0.9886172597762197
0.9722186927683651
0.9767213717568666
0.9778704610653222
total num:60,dropout num:18
0.8572815797524527
0.8498208004748449
0.8541481599677354
0.8585859367158264
0.851710518472828
0.8633206119993702
0.8524304367601871
0.8512093935860321
0.8633592503610998
0.8568528678733855
total num:80,dropout num:0
1.6272152933524922
1.6304427837021649
1.6320782145485282
1.632230127346702
1.6460270108655095
1.6324776624096557
1.6352427360834554
1.643204158055596
1.638712013605982
1.6331774817081168
total num:80,dropout num:8
1.4625722084892914
1.4604436394292861
1.4618909382261336
1.4627213856438175
1.46412287640851
1.4696196939330548
1.4606655616080388
1.46895688038785
1.4572180467657745
1.4622881609247997
total num:80,dropout num:16
1.2977092200890183
1.298545378493145
1.2979936702176929
1.3017253049183637
1.296339773456566
1.3021743252174929
1.3091939338482916
1.3028723428724334
1.3019065485568717
1.3008388594025746
total num:80,dropout num:24
1.1430336417397484
1.1412688575219363
1.1376565964892507
1.1391519970493391
1.1424341122619808
1.1468429390806705
1.1512282348703593
1.1393652894767001
1.1510642728535458
1.1340422790963203
total num:100,dropout num:0
2.048234009416774
2.039447632851079
2.0404933381360024
2.0362143736565486
2.0315317334607244
2.036473922431469
2.0409069479210302
2.03562244202476
2.0296761541394517
2.034430605941452
total num:100,dropout num:10
1.8465480473823845
1.8302194455172867
1.8440780930686742
1.839231867226772
1.8548594415187836
1.844253034912981
1.8468715007184073
1.8399965491844341
1.8260091808624566
1.8307126035215333
total num:100,dropout num:20
1.6474754629889503
1.632380842929706
1.6259491055971012
1.6276823738589883
1.6424542824970558
1.6277285135583952
1.627072352799587
1.638314854935743
1.6267558245453984
1.6233095492934808
total num:100,dropout num:30
1.4263855974422768
1.4338114502606913
1.4233790352009237
1.4259458341402933
1.425601038034074
1.4212928630877286
1.4270613761618733
1.4389855053741485
1.4459720199229196
1.4322895596269518
