total num:20,dropout num:0
0.0004513609455898404
0.0004620809340849519
0.0004439890617504716
0.0005084050353616476
0.0004925769753754139
0.000514411018230021
0.0005157750565558672
0.000488807912915945
0.0005094610387459397
0.00044326193165034056
total num:20,dropout num:2
0.0004972330061718822
0.0004930139984935522
0.000499413930810988
0.0004962059902027249
0.0005155479302629828
0.0004928639391437173
0.0004927200498059392
0.0004953459138050675
0.0004982430255040526
0.0004957590717822313
total num:20,dropout num:4
0.0005069440230727196
0.00048229494132101536
0.0004936360055580735
0.000498803099617362
0.0005097200628370047
0.0004918819759041071
0.0005070579936727881
0.0005204689223319292
0.0005192430689930916
0.00047730200458317995
total num:20,dropout num:6
0.0004999330267310143
0.0004877729807049036
0.0005194758996367455
0.0005020200042054057
0.0004943580133840442
0.0005059720715507865
0.0004892690340057015
0.0004921599756926298
0.000501889968290925
0.0005090780323371291
total num:40,dropout num:0
0.0009888430358842015
0.001005662023089826
0.0010420960607007146
0.0009558469755575061
0.0009632130386307836
0.0009902319870889187
0.0009788140887394547
0.0009605510858818889
0.0009845409076660872
0.0009587579406797886
total num:40,dropout num:4
0.0009570579277351499
0.0009565619984641671
0.0009740649256855249
0.0009519229643046856
0.0009604990482330322
0.0009756350191310048
0.0009688560385257006
0.0009837000397965312
0.0009580389596521854
0.0009769819444045424
total num:40,dropout num:8
0.0009646950056776404
0.0009682850213721395
0.00097150809597224
0.0010004770010709763
0.0009566929657012224
0.000966605031862855
0.0009659029310569167
0.0009736190550029278
0.000992948072962463
0.0009544459171593189
total num:40,dropout num:12
0.0009740919340401888
0.000986764905974269
0.0009970939718186855
0.0009676089975982904
0.0009978599846363068
0.0010038859909400344
0.0009756271028891206
0.0009506950154900551
0.0009545220527797937
0.001008518971502781
total num:60,dropout num:0
0.0015920090954750776
0.0016429249662905931
0.0016400909516960382
0.0015385029837489128
0.0015768710291013122
0.0015522179892286658
0.0015513210091739893
0.0015435990644618869
0.0016371899982914329
0.0015678799245506525
total num:60,dropout num:6
0.0016684989677742124
0.0015454309759661555
0.0016119169304147363
0.0016436480218544602
0.0015296239871531725
0.001603084965609014
0.0015465290052816272
0.0016089238924905658
0.0015609189867973328
0.001558920950628817
total num:60,dropout num:12
0.001619527000002563
0.0016085850074887276
0.0016881970223039389
0.0016078520566225052
0.0016547159757465124
0.001607710961252451
0.0015959959710016847
0.001544856932014227
0.0016281759599223733
0.0016073969891294837
total num:60,dropout num:18
0.0016324450261890888
0.0016144460532814264
0.0015984369674697518
0.0015611470444127917
0.0015621799975633621
0.0015506349736824632
0.0016289249761030078
0.0016113169258460402
0.001536437077447772
0.001551512978039682
total num:80,dropout num:0
0.002372554037719965
0.0023844949901103973
0.0025393120013177395
0.002431612927466631
0.002391160000115633
0.002434027031995356
0.002383725019171834
0.0024146210635080934
0.0024110479280352592
0.002374750911258161
total num:80,dropout num:8
0.0023364669177681208
0.0023768279934301972
0.0023879859363660216
0.002349073998630047
0.0023848339915275574
0.0024493879172950983
0.0023567359894514084
0.0023341780761256814
0.0023887220304459333
0.002345943939872086
total num:80,dropout num:16
0.0023694410920143127
0.0023565340088680387
0.0023283129557967186
0.0023397880140691996
0.0025034339632838964
0.0023682619212195277
0.0023521690163761377
0.002359276986680925
0.0023466870188713074
0.0024089550133794546
total num:80,dropout num:24
0.0023472990142181516
0.002315646968781948
0.002340795937925577
0.0025006569921970367
0.0023538790410384536
0.0023432200541719794
0.0023796940222382545
0.0023572579957544804
0.0023811369901522994
0.0024489599745720625
total num:100,dropout num:0
0.00331830105278641
0.003381383023224771
0.003324629971757531
0.0035313538974151015
0.003388520097360015
0.003330162027850747
0.0033301590010523796
0.0033355900086462498
0.003444958943873644
0.003412076039239764
total num:100,dropout num:10
0.0033439919352531433
0.003312784945592284
0.0033305269898846745
0.0035075360210612416
0.003393020946532488
0.003317988943308592
0.0033149919472634792
0.0033949579810723662
0.0033382290275767446
0.00352602603379637
total num:100,dropout num:20
0.0033250139094889164
0.0033285979880020022
0.0033229090040549636
0.0033388780429959297
0.0033787009306252003
0.0033004420110955834
0.003377673914656043
0.0033036780077964067
0.0033059369307011366
0.003300020005553961
total num:100,dropout num:30
0.003308623912744224
0.0033696480095386505
0.003309239982627332
0.0033072689548134804
0.003392625949345529
0.003327059093862772
0.0033202150370925665
0.0033415089128538966
0.003378261928446591
0.003531531896442175
