0.00045371055603027344
0.0004773139953613281
0.0004527568817138672
0.0004913806915283203
0.0004494190216064453
0.0004436969757080078
0.0004899501800537109
0.0004589557647705078
0.00045752525329589844
0.00045180320739746094
0.00045037269592285156
0.00045108795166015625
0.00045299530029296875
0.00045609474182128906
0.0004782676696777344
0.0004494190216064453
0.0004467964172363281
0.00045871734619140625
0.00047659873962402344
0.0004863739013671875
0.0004703998565673828
0.00046372413635253906
0.000453948974609375
0.00044989585876464844
0.0004620552062988281
0.0004496574401855469
0.00045108795166015625
0.0004494190216064453
0.00045180320739746094
0.0004622936248779297
0.0004563331604003906
0.00045490264892578125
0.0004489421844482422
0.0004553794860839844
0.0005009174346923828
0.00045013427734375
0.0004975795745849609
0.0004918575286865234
0.00048542022705078125
0.0004520416259765625
0.0004451274871826172
0.00048661231994628906
0.00045371055603027344
0.00048613548278808594
0.0004856586456298828
0.00047469139099121094
0.0004489421844482422
0.0004923343658447266
0.00045561790466308594
0.0004508495330810547
