0.000688667297363281
0.000626678466796875
0.00065578994750976562
0.0006105899810791016
0.0006560760498046875
0.00065626678466796875
0.00065633831024169922
0.0006127357482910156
0.00065640983581542969
0.00065676746368408203
0.00065629062652587891
0.00065626678466796875
0.0006067752838134766
0.00065807876586914062
0.00065674362182617188
0.00065652904510498047
0.0006122589111328125
0.00065662441253662109
0.00065612373352050781
0.00066593299865722656
0.00065614757537841797
0.00065681514739990234
0.00065831718444824219
0.00065891323089599609
0.00065645751953125
0.00065691051483154297
0.00065662441253662109
0.0006248950958251953
0.00075667209625244141
0.00075664825439453125
0.00075662441253662109
0.00075729198455810547
0.00065595684051513672
0.00065712509155273438
0.0006155967712402344
0.0006096363067626953
0.00065640983581542969
0.00065676746368408203
0.00065629062652587891
0.00065626678466796875
0.0006067752838134766
0.00065807876586914062
0.00065674362182617188
0.00065652904510498047
0.0006122589111328125
0.00065662441253662109
0.00065612373352050781
0.00066593299865722656
0.000626678466796875
0.00065578994750976562