total num:20,dropout num:2
0.00034250097814947367
0.00031946704257279634
0.00031819194555282593
0.00033008598256856203
0.00031628995202481747
0.00031456793658435345
0.0003209199057891965
0.00030153896659612656
0.00032590702176094055
0.0003358010435476899
total num:20,dropout num:4
0.0003322300035506487
0.0003327269805595279
0.00033491698559373617
0.0003409200580790639
0.00034153403248637915
0.00030858698301017284
0.0003476860001683235
0.00032721192110329866
0.0003219819627702236
0.0003255800111219287
total num:20,dropout num:6
0.0003431070363149047
0.00032706104684621096
0.0003356790402904153
0.0003301299875602126
0.00032842811197042465
0.00033372489269822836
0.00032380293123424053
0.00031184509862214327
0.0003355710068717599
0.0003357699606567621
total num:40,dropout num:4
0.0004376559518277645
0.00043745001312345266
0.00044155598152428865
0.00044441199861466885
0.00046205008402466774
0.0004404090577736497
0.0004220689879730344
0.00045329995919018984
0.0004243929870426655
0.00040875107515603304
total num:40,dropout num:8
0.0004616340156644583
0.00046494801063090563
0.00046025391202419996
0.000465795979835093
0.00046909996308386326
0.00048434699419885874
0.00047923007514327765
0.00047262292355298996
0.0004783789627254009
0.000456416979432106
total num:40,dropout num:12
0.00048100005369633436
0.0004819410387426615
0.0005284460494294763
0.0004724450409412384
0.0004902210785076022
0.000479650916531682
0.0005126689793542027
0.0004804020281881094
0.0004814289277419448
0.0004878590116277337
total num:60,dropout num:6
0.000543618923984468
0.0005736809689551592
0.000570117961615324
0.0005796420155093074
0.0006172629073262215
0.0005482719279825687
0.000560884946025908
0.0005697670858353376
0.0005856869975104928
0.0005613520042970777
total num:60,dropout num:12
0.0006478589493781328
0.0006348680472001433
0.0006640240317210555
0.0006476199487224221
0.0006337329978123307
0.0006378799444064498
0.0006595089798793197
0.0006351389456540346
0.0006584019865840673
0.0006327499868348241
total num:60,dropout num:18
0.0006790929473936558
0.0007283699233084917
0.0006939939921721816
0.0007251299684867263
0.0006815489614382386
0.000735508045181632
0.0006996719166636467
0.0007175959181040525
0.0007254190277308226
0.0007058860501274467
total num:80,dropout num:8
0.0007314179092645645
0.0007528880378231406
0.0007559809600934386
0.0007253119256347418
0.0007279049605131149
0.000730679021216929
0.0007672510109841824
0.0007577859796583652
0.00076827104203403
0.0007520950166508555
total num:80,dropout num:16
0.0008763490477576852
0.0008597990963608027
0.0008839450310915709
0.0008814620086923242
0.0008558089612051845
0.0008736769668757915
0.0008588450727984309
0.0008605309994891286
0.0008860829984769225
0.000858840998262167
total num:80,dropout num:24
0.0009868210181593895
0.0009521140018478036
0.0009552560513839126
0.0009543879423290491
0.0009604510851204395
0.00097907695453614
0.0009745180141180754
0.0009559820173308253
0.0009792860364541411
0.0009847040055319667
total num:100,dropout num:10
0.0009220619685947895
0.0009201409993693233
0.0009790660114958882
0.0009064000332728028
0.0009418970439583063
0.0009338600793853402
0.0009578100871294737
0.0009316999930888414
0.0009749789023771882
0.0009516309946775436
total num:100,dropout num:20
0.0011509060859680176
0.001183292013593018
0.001186314970254898
0.0011393270688131452
0.0011511680204421282
0.0011552900541573763
0.0011685870122164488
0.0011812919983640313
0.0011792429722845554
0.0011824080720543861
total num:100,dropout num:30
0.00144682708196342
0.0013024610234424472
0.0013010550756007433
0.0012917649000883102
0.001286407932639122
0.0012746240245178342
0.0013412019470706582
0.0013527310220524669
0.0013372059911489487
0.0012963449116796255
