dimension:1000
0.0003612970467656851
0.0003099319292232394
0.00032740901224315166
0.0003163340734317899
0.00036611396353691816
0.00032568303868174553
0.00032390502747148275
0.00030285795219242573
0.0003275979543104768
0.0003187139518558979
dimension:2000
0.0005684309871867299
0.0005412049358710647
0.0005736959865316749
0.0005546280881389976
0.0005638779839500785
0.0005772250005975366
0.0005760419880971313
0.0005612680688500404
0.0005313541041687131
0.0005619919393211603
dimension:3000
0.0007753280224278569
0.0008097400423139334
0.0007601350080221891
0.000745994970202446
0.0007923849625512958
0.0007945699617266655
0.0008195210248231888
0.0008631980745121837
0.000811693025752902
0.0007690510246902704
dimension:4000
0.00107075204141438
0.0010214169742539525
0.0009736710926517844
0.0010302499867975712
0.0010564139811322093
0.0010188630549237132
0.0010939310304820538
0.0010891429847106338
0.001140118925832212
0.0010401379549875855
dimension:5000
0.0012991429539397359
0.0013341279700398445
0.0013742799637839198
0.0013118940405547619
0.001268332009203732
0.001279747928492725
0.0012335940264165401
0.001338572008535266
0.001271163928322494
0.0012495480477809906
