total num:20,dropout num:0
0.00014685001224279404
0.00014431891031563282
0.0001461129868403077
0.00014415103942155838
0.00014653790276497602
0.00014467805158346891
0.0001373719424009323
0.00014837202616035938
0.00014368898700922728
0.00014454603660851717
total num:40,dropout num:0
0.0001892748987302184
0.00019962096121162176
0.00019343092571943998
0.00019393395632505417
0.00021564005874097347
0.0001858660252764821
0.00019783899188041687
0.00018585799261927605
0.000192321022041142
0.00018539594020694494
total num:60,dropout num:0
0.00023298803716897964
0.0002809909638017416
0.00025485199876129627
0.00022826599888503551
0.00022565003018826246
0.0002449069870635867
0.00024538394063711166
0.00023451203014701605
0.00022568902932107449
0.000224755029194057
total num:80,dropout num:0
0.0003029019571840763
0.0003045499324798584
0.0003168359398841858
0.00028975901659578085
0.0002837060019373894
0.00029824895318597555
0.0002887219889089465
0.0002840169472619891
0.0002946120221167803
0.0003190169809386134
total num:100,dropout num:0
0.00034653604961931705
0.00033869105391204357
0.00034290796611458063
0.00034895294811576605
0.00034096697345376015
0.00032830098643898964
0.00034736888483166695
0.0003288380103185773
0.0003580439370125532
0.00035257497802376747

