dimension:1000
0.00015049707144498825
0.00013880501501262188
0.00015048496425151825
0.00014569610357284546
0.00014507200103253126
0.00014334300067275763
0.00013865693472325802
0.00013898301403969526
0.00014214799739420414
0.0001498740166425705
dimension:2000
0.0002365920227020979
0.00026664091274142265
0.00023315497674047947
0.00028173194732517004
0.0002311820862814784
0.0002345170360058546
0.00023675593547523022
0.00022802106104791164
0.0002380019286647439
0.00026883906684815884
dimension:3000
0.0003638060297816992
0.0003204669337719679
0.0004370880778878927
0.0003233869792893529
0.00041522097308188677
0.0003717000363394618
0.00032531097531318665
0.0003309710882604122
0.0003682411042973399
0.0003202179213985801
dimension:4000
0.00040101201739162207
0.000404694932512939
0.0004389439709484577
0.0004981110105291009
0.0004919179482385516
0.0004492850275710225
0.0004681050777435303
0.0004156839568167925
0.00044835498556494713
0.0004713139496743679
dimension:5000
0.0005709120305255055
0.0005329459672793746
0.0006026619812473655
0.0005845640553161502
0.0005360000068321824
0.00055065902415663
0.000565111986361444
0.0005104939918965101
0.0005616589915007353
0.000620233011431992
