dimension:1000
1.796875
1.7890625
1.796875
1.7890625
1.796875
1.796875
1.7890625
1.7421875
1.796875
1.796875
dimension:2000
1.765625
1.796875
1.796875
1.796875
1.796875
1.78125
1.6875
1.796875
1.796875
1.796875
dimension:3000
1.796875
1.796875
1.796875
1.796875
1.796875
1.765625
1.7578125
1.796875
1.796875
1.796875
dimension:4000
1.796875
1.6953125
1.796875
1.796875
1.796875
1.78125
1.796875
1.796875
1.796875
1.796875
dimension:5000
1.7890625
1.796875
1.796875
1.796875
1.7578125
1.7890625
1.796875
1.7890625
1.796875
1.734375
