total num:20,dropout num:2
0.00011301704216748476
9.751599282026291e-05
8.718902245163918e-05
9.921099990606308e-05
8.960801642388105e-05
9.581202175468206e-05
8.947390597313643e-05
7.344898767769337e-05
9.543006308376789e-05
9.72760608419776e-05
total num:20,dropout num:4
9.950797539204359e-05
0.00010027398820966482
0.00010362803004682064
0.00010514806490391493
0.00010243593715131283
8.51720105856657e-05
9.743194095790386e-05
0.00010212091729044914
9.227695409208536e-05
0.00010267295874655247
total num:20,dropout num:6
0.00011086300946772099
0.00010801595635712147
0.00010664504952728748
0.00010097690392285585
0.0001002791104838252
0.00010782293975353241
0.00010323000606149435
8.593406528234482e-05
0.0001084980322048068
0.00010432396084070206
total num:40,dropout num:4
0.00020708900410681963
0.00020148605108261108
0.00020873500034213066
0.00020792102441191673
0.00021967408247292042
0.00018967501819133759
0.00019781896844506264
0.00022855401039123535
0.00019790604710578918
0.00017965701408684254
total num:40,dropout num:8
0.00023123505525290966
0.00023358501493930817
0.00022349494975060225
0.00023210793733596802
0.00023543694987893105
0.0002573960227891803
0.00023819098714739084
0.00023412297014147043
0.0002374310279265046
0.0002291619312018156
total num:40,dropout num:12
0.00024901307187974453
0.00024930399376899004
0.00027382606640458107
0.00024407601449638605
0.0002583690220490098
0.00024535891134291887
0.00025615293998271227
0.00026344996877014637
0.00025168200954794884
0.000257680076174438
total num:60,dropout num:6
0.0003173550358042121
0.00034417398273944855
0.00033236993476748466
0.0003328099846839905
0.0003754119388759136
0.00031823792960494757
0.00032366300001740456
0.00033065001480281353
0.00034329702612012625
0.00032759702298790216
total num:60,dropout num:12
0.00040733302012085915
0.00040433299727737904
0.0004240450216457248
0.00041056203190237284
0.0004088230198249221
0.0004112429451197386
0.00042044196743518114
0.00041475403122603893
0.00041797105222940445
0.00040483393240720034
total num:60,dropout num:18
0.00044786196667701006
0.0004986620042473078
0.00046894699335098267
0.0004810369573533535
0.0004476560279726982
0.0004939399659633636
0.0004731339868158102
0.00048033101484179497
0.00048194907139986753
0.0004654760705307126
total num:80,dropout num:8
0.0004919189959764481
0.0005127640906721354
0.0005186779890209436
0.00047553994227200747
0.0004899019841104746
0.00048714003060013056
0.0005229749949648976
0.0005191310774534941
0.0005267539527267218
0.0005135450046509504
total num:80,dropout num:16
0.0006333739729598165
0.0006257829954847693
0.0006423420272767544
0.0006435010582208633
0.00062661396805197
0.0006359899416565895
0.0006224070675671101
0.0006230029975995421
0.0006397219840437174
0.0006217049667611718
total num:80,dropout num:24
0.0007475269958376884
0.0007170609897002578
0.000721423071809113
0.0007176609942689538
0.0007316910196095705
0.0007359919836744666
0.000735748908482492
0.0007301380392163992
0.0007438149768859148
0.0007371519459411502
total num:100,dropout num:10
0.0006783250719308853
0.0006776259979233146
0.0007090179715305567
0.000664765015244484
0.0006956229917705059
0.000688058091327548
0.0007050090935081244
0.0006932329852133989
0.000731159932911396
0.0007060969946905971
total num:100,dropout num:20
0.000912283081561327
0.0009408150799572468
0.0009320779936388135
0.0008921260014176369
0.0009091849206015468
0.0009087410289794207
0.0009324699640274048
0.0009399969130754471
0.000938285025767982
0.0009313250193372369
total num:100,dropout num:30
0.0011859320802614093
0.001063165022060275
0.0010586370481178164
0.001057131914421916
0.0010394529672339559
0.0010406540241092443
0.0010892819846048951
0.0011039000237360597
0.0010630140313878655
0.0010576569475233555
