dimension:1000
0.00010764598846435547
9.551097173243761e-05
0.0001002289354801178
9.741401299834251e-05
0.00012920598965138197
9.630504064261913e-05
9.362702257931232e-05
8.647702634334564e-05
9.659398347139359e-05
9.316299110651016e-05
dimension:2000
9.781599510461092e-05
9.629793930798769e-05
0.00010485399980098009
9.608303662389517e-05
0.00010368495713919401
9.481306187808514e-05
9.833695366978645e-05
0.00010122405365109444
9.28480876609683e-05
0.00010476598981767893
dimension:3000
0.00010209600441157818
0.00010509102139621973
0.00010593701153993607
9.877805132418871e-05
9.956699796020985e-05
9.9355005659163e-05
0.00010754901450127363
0.00010699697304517031
0.00010311510413885117
9.487906936556101e-05
dimension:4000
0.00016185198910534382
9.459001012146473e-05
0.00010082998778671026
0.00010648590978235006
0.00010436505544930696
0.00010162603575736284
0.00010010309051722288
0.000102830003015697
0.0001034329179674387
9.88679239526391e-05
dimension:5000
0.00010433595161885023
0.00010079098865389824
0.00014769297558814287
0.00010694900993257761
9.999203030019999e-05
0.00010239495895802975
9.793194476515055e-05
0.00017237907741218805
0.00010085292160511017
0.0001034000888466835
