total num:20,dropout num:2
3.09375
2.609375
2.8125
3.09375
2.65625
3.0703125
2.7890625
2.5078125
2.6796875
2.5078125
total num:20,dropout num:4
2.8125
2.6171875
2.8359375
2.875
2.796875
2.8125
2.875
2.859375
2.6171875
2.8125
total num:20,dropout num:6
2.515625
2.4921875
2.4375
2.359375
2.4765625
2.4765625
2.5
2.515625
2.515625
2.5078125
total num:40,dropout num:4
6.46875
6.453125
5.5390625
6.265625
6.3984375
5.6875
6.3984375
5.6796875
5.546875
6.125
total num:40,dropout num:8
5.7421875
5.6328125
5.75
5.6875
5.75
5.3515625
5.75
5.75
5.7265625
5.6484375
total num:40,dropout num:12
5.03125
5.03125
5.03125
5.03125
5.03125
5.0078125
5.03125
5.03125
5.03125
5.03125
total num:60,dropout num:6
9.703125
9.6328125
9.578125
9.703125
9.6640625
9.4296875
9.703125
9.40625
9.6796875
9.703125
total num:60,dropout num:12
8.625
8.625
8.5234375
8.625
8.625
8.625
8.625
8.515625
8.6015625
8.625
total num:60,dropout num:18
7.546875
7.546875
7.546875
7.546875
7.546875
7.546875
7.4921875
7.4765625
7.53125
7.546875
total num:80,dropout num:8
12.9375
12.9375
12.9375
12.84375
12.921875
11.859375
12.890625
12.9375
12.7109375
12.84375
total num:80,dropout num:16
11.5
11.5
11.5
11.40625
11.4453125
11.390625
11.5
11.5
11.5
11.5
total num:80,dropout num:24
10.0625
10.0625
10.0625
10.0625
10.0625
10.0625
10.0625
10.0625
10.0625
10.0625
total num:100,dropout num:10
16.1171875
16.15625
16.1640625
16.171875
16.171875
16.09375
16.171875
16.1015625
15.3515625
16.171875
total num:100,dropout num:20
14.375
14.375
14.375
14.375
14.375
14.375
14.375
14.375
14.375
14.375
total num:100,dropout num:30
12.578125
12.578125
12.578125
12.578125
12.578125
12.578125
12.578125
12.578125
12.578125
12.578125
