13.927318096160889
12.71318006515503
12.655425548553467
12.780927419662476
12.688094854354858
12.720585107803345
12.692458152770996
12.684974431991577
12.685217380523682
12.725040674209595
12.776288986206055
12.575660467147827
12.752158164978027
12.843139410018921
12.784699440002441
12.800822973251343
12.756162881851196
12.823882818222046
12.779228925704956
12.821836233139038
12.637112855911255
12.734245777130127
12.776674747467041
12.804447650909424
12.873717069625854
12.794135808944702
12.7113196849823
12.858189821243286
12.779150009155273
12.729749917984009
12.59904932975769
12.952494859695435
12.792717456817627
12.838440895080566
12.65654969215393
12.694583892822266
12.818016767501831
12.669245481491089
12.666409015655518
12.78543758392334
