22.376792669296265
21.000730514526367
21.4941508769989
21.358059406280518
21.361032962799072
21.176457166671753
21.039235591888428
21.10257315635681
21.328463792800903
21.368329286575317
23.501801013946533
22.461578845977783
22.727097272872925
22.36515784263611
22.401658535003662
22.5395987033844
22.6033718585968
22.752127647399902
22.730614185333252
22.6661319732666
25.12486457824707
23.99390697479248
23.94893717765808
23.680131196975708
24.200186729431152
24.122082710266113
24.157619953155518
24.004438161849976
23.909047603607178
24.149409294128418
26.385483503341675
24.98085618019104
24.965967416763306
25.554113388061523
25.38791036605835
25.627331972122192
25.618347644805908
25.224438428878784
25.13141179084778
25.533786296844482
27.752252340316772
26.645029544830322
26.679807901382446
26.68301558494568
26.86121439933777
26.528644561767578
26.325658321380615
26.55742383003235
26.766351461410522
26.629903316497803
