45.61352181434631
44.10164451599121
43.52856206893921
43.96412110328674
43.77131533622742
44.34324669837952
43.94588589668274
43.96269750595093
44.10006284713745
44.31504726409912
48.3245575428009
47.051010608673096
46.88838195800781
47.04633951187134
47.34361243247986
47.57210636138916
47.72969913482666
47.90388250350952
47.64623522758484
47.72717523574829
52.10099458694458
51.39153051376343
50.823675870895386
50.89103579521179
51.242286682128906
51.01797032356262
51.2240149974823
50.98860549926758
51.6594603061676
51.38893222808838
56.197057247161865
54.6700644493103
54.741055488586426
54.36075234413147
55.04042911529541
54.95948839187622
55.256343126297
54.43547248840332
54.51461720466614
54.920719623565674
58.82090449333191
57.73493409156799
57.46004247665405
58.06990098953247
57.8302800655365
57.901655197143555
58.18327593803406
58.76042199134827
58.23054218292236
58.07067251205444
