45.40991544723511
43.636125326156616
44.1652352809906
44.033061265945435
44.07091236114502
44.31472992897034
44.13973617553711
44.54550647735596
44.538867712020874
44.21807813644409
48.61280369758606
47.80561542510986
47.443588733673096
47.45004320144653
47.696192026138306
47.86775803565979
48.118987798690796
47.72707176208496
47.94171643257141
48.46851921081543
52.069687604904175
51.458444118499756
50.99508309364319
51.296154260635376
51.2013475894928
51.61888813972473
51.269232511520386
51.65610885620117
51.41989326477051
51.05718994140625
55.68520760536194
54.800012826919556
54.97967314720154
54.88373422622681
54.85770297050476
54.39884686470032
54.75133466720581
54.58926486968994
54.39480781555176
54.999465227127075
59.205384969711304
58.52682662010193
58.531575441360474
58.23118996620178
58.29917025566101
58.14374756813049
58.24966287612915
58.27119994163513
58.23428177833557
58.51772356033325
