dimension:(1000,)
1.1959026859840378
1.1919651840580627
1.1906867700163275
1.199468000093475
1.1834142110310495
1.1835074669215828
1.1975473549682647
1.1974151670001447
1.2008992029586807
1.1889378620544448
dimension:(2000,)
1.179107503965497
1.2007205260451883
1.1885021589696407
1.2108732749475166
1.197923930012621
1.2095919970888644
1.2029789830558002
1.2069037910550833
1.1974469389533624
1.1979383509606123
dimension:(3000,)
1.1896423610160127
1.2061110570793971
1.1622924000257626
1.1649873320711777
1.178354738978669
1.1596777079394087
1.2217232789844275
1.1913248950149864
1.1807372419862077
1.1596923470497131
dimension:(4000,)
1.1879490059800446
1.1697553650010377
1.1866080530453473
1.1806884719990194
1.1690567099722102
1.166357473935932
1.181615981971845
1.175087837036699
1.174979950999841
1.1702034439658746
dimension:(5000,)
1.2284599570557475
1.1708184210583568
1.1773466829909012
1.1675723600201309
1.1551175779895857
1.1576429289998487
1.163335554068908
1.166674644104205
1.1618308910401538
1.1694279110524803
