total num:20,dropout num:2
0.42927875893656164
0.4351459629833698
0.43379231297876686
0.44445036991965026
0.43022530898451805
0.43096284894272685
0.43816819798666984
0.4344957200810313
0.43533624103292823
0.4377782909432426
total num:20,dropout num:4
0.7717413139762357
0.770731528988108
0.7857977440580726
0.7912535220384598
0.7693563109496608
0.7736129659460858
0.760736505035311
0.7628902910510078
0.7781062769936398
0.7686838200315833
total num:20,dropout num:6
1.0237058780621737
1.0140659840544686
1.0082448458997533
1.0002938639372587
0.9986840119818226
0.9942109050462022
1.0053791749523953
1.0064104540506378
1.012303811032325
0.9983347760280594
total num:40,dropout num:4
1.7806952419923618
1.7526435240870342
1.8365047769621015
1.8548189878929406
1.801375909941271
1.7917663999833167
1.8195363179547712
1.7635839420836419
1.8498827570583671
1.814377567032352
total num:40,dropout num:8
3.140075115021318
3.2118252658983693
3.1282162700081244
3.1250789009500295
3.174325500964187
3.06616634700913
3.229538339888677
3.227200806955807
3.067361381952651
3.1320421950658783
total num:40,dropout num:12
4.0834473529830575
4.150744654936716
4.274852583068423
4.200848695938475
4.049172227038071
4.211618068977259
4.247670141980052
4.213945657014847
4.04400389501825
4.198417313979007
total num:60,dropout num:6
3.9493514091009274
3.9801969029940665
4.1893177380552515
4.199272851925343
3.981957022100687
4.025442223995924
4.118206947925501
4.002202937030233
4.050160452956334
3.977623227983713
total num:60,dropout num:12
7.20712272496894
7.128105340991169
7.138181215035729
7.013694504043087
7.338888827012852
7.2768016420304775
7.070737036992796
7.188641390064731
7.115424537099898
7.378805360989645
total num:60,dropout num:18
9.259997272049077
9.269779314054176
9.65189968899358
9.274701665039174
9.31906336301472
9.204744347021915
9.164888313040137
9.283190952963196
9.274701665039174
9.31906336301472
total num:80,dropout num:8
7.289802148938179
6.989988364977762
7.0069453050382435
7.351938289939426
7.317840403062291
7.408316549030133
6.989988364977762
7.0069453050382435
7.351938289939426
7.317840403062291
total num:80,dropout num:16
12.573183464002796
12.591437441995367
12.604475815896876
12.316988414968364
12.36778560897801
12.573183464002796
12.591437441995367
12.604475815896876
12.316988414968364
12.36778560897801
total num:80,dropout num:24
16.58503410895355
16.701287635951303
16.185545639018528
16.920933249988593
16.670649391948245
16.58503410895355
16.701287635951303
16.185545639018528
16.920933249988593
16.670649391948245
total num:100,dropout num:10
11.345473982044496
11.250084690982476
11.345473982044496
11.250084690982476
11.345473982044496
11.250084690982476
11.345473982044496
11.250084690982476
11.345473982044496
11.250084690982476
total num:100,dropout num:20
19.938243433018215
19.17001532006543
19.938243433018215
19.17001532006543
19.938243433018215
19.17001532006543
19.938243433018215
19.17001532006543
19.938243433018215
19.17001532006543
total num:100,dropout num:30
25.588946908945218
25.337924267048948
25.66009534301702
25.588946908945218
25.337924267048948
25.66009534301702
25.588946908945218
25.337924267048948
25.66009534301702
25.588946908945218
