total num:20,dropout num:0
0.007618569070473313
0.007668182952329516
0.007017575902864337
0.007158635067753494
0.0077364020980894566
0.00700651400256902
0.0073048550402745605
0.007761600078083575
0.007282156031578779
0.007189521915279329
total num:40,dropout num:0
0.036839299951680005
0.03870271996129304
0.036394509952515364
0.03603190602734685
0.03638478496577591
0.03714658797252923
0.03383822401519865
0.03555742802564055
0.036472512991167605
0.0359064870281145
total num:60,dropout num:0
0.08412061689887196
0.08978295791894197
0.08855818607844412
0.09364849398843944
0.09072468697559088
0.0899033680325374
0.09123095695395023
0.08309343503788114
0.08935906202532351
0.0894938469864428
total num:80,dropout num:0
0.17876232194248587
0.17569746496155858
0.1830912110162899
0.17457527096848935
0.1759785709436983
0.17874134297017008
0.1779677199665457
0.1717648699413985
0.17927375994622707
0.17904290207661688
total num:100,dropout num:0
0.3216763880336657
0.3007341710617766
0.31448662001639605
0.3131863089511171
0.30721604300197214
0.3002800209214911
0.29872140707448125
0.29963982105255127
0.32285254599992186
0.3168184959795326
