total num:20,dropout num:2
0.42342937598004937
0.42924949200823903
0.4280630280263722
0.43853092892095447
0.4242568670306355
0.42500895797275007
0.4323882369790226
0.42799649003427476
0.42916536901611835
0.43181286088656634
total num:20,dropout num:4
0.7667110309703276
0.7659735670313239
0.7808269470697269
0.7864773740293458
0.7645435039885342
0.7687909950036556
0.7557704850332811
0.7579290750436485
0.7732123890891671
0.7637616189895198
total num:20,dropout num:6
1.0195762100629508
1.0098854410462081
1.0043379449052736
0.9964330740040168
0.9947732969885692
0.9901706050150096
1.0012801040429622
1.0018894610693678
1.008202072000131
0.9939061619807035
total num:40,dropout num:4
1.7517159290146083
1.7238426900003105
1.8069085830356926
1.8254253899212927
1.7716080659301952
1.7624128450406715
1.7908245759317651
1.7352105650352314
1.8181125780101866
1.7845187599305063
total num:40,dropout num:8
3.117440244066529
3.1887075629783794
3.1048699519596994
3.102583118947223
3.150887552066706
3.0427032170118764
3.2052729229908437
3.2033659369917586
3.0442387509392574
3.1086326310178265
total num:40,dropout num:12
4.065063913934864
4.133400009013712
4.255954302032478
4.182130433968268
4.031037230044603
4.192101169028319
4.2289178560022265
4.195741896983236
4.026672404957935
4.179969599004835
total num:60,dropout num:6
3.878973207087256
3.909932018024847
4.118347993004136
4.127562415902503
3.9112021480686963
3.956265714019537
4.046622258960269
3.9321899579372257
3.980700684012845
3.907055824995041
total num:60,dropout num:12
7.149381465977058
7.0695366360014305
7.08105102495756
6.957434570067562
7.284055729047395
7.219858443015255
7.015276123071089
7.134826306020841
7.058585293008946
7.321382226073183
total num:60,dropout num:18
9.072228044969961
9.425866510951892
9.218462242977694
9.228511132998392
9.6083855999168
9.229381678975187
9.276180105982348
9.160046981065534
9.120366089046001
9.241431539994664
total num:80,dropout num:8
7.1534063059370965
6.861217802972533
6.8726556960027665
7.216170992935076
7.175011561019346
7.268927555996925
7.1534063059370965
6.861217802972533
6.8726556960027665
7.216170992935076
total num:80,dropout num:16
12.461337052984163
12.479958833078854
12.500880823936313
12.207895535044372
12.252225465024821
12.461337052984163
12.479958833078854
12.500880823936313
12.207895535044372
12.252225465024821
total num:80,dropout num:24
16.48708919796627
16.609401309047826
16.096361404052004
16.839236001018435
16.590638799010776
16.48708919796627
16.609401309047826
16.096361404052004
16.839236001018435
16.590638799010776
total num:100,dropout num:10
11.10570307506714
11.008302701986395
11.10570307506714
11.008302701986395
11.10570307506714
11.008302701986395
11.10570307506714
11.008302701986395
11.10570307506714
11.008302701986395
total num:100,dropout num:20
19.739350287942216
18.995614410028793
19.739350287942216
18.995614410028793
19.739350287942216
18.995614410028793
19.739350287942216
18.995614410028793
19.739350287942216
18.995614410028793
total num:100,dropout num:30
25.45230525091756
25.210447469027713
25.531329118995927
25.45230525091756
25.210447469027713
25.531329118995927
25.45230525091756
25.210447469027713
25.531329118995927
25.531329118995927