total num:20,dropout num:2
13.04296875
13.0478515625
13.046875
13.0478515625
13.044921875
13.0478515625
13.0419921875
13.048828125
13.03515625
13.046875
total num:20,dropout num:4
23.19921875
23.193359375
23.197265625
23.1865234375
23.1923828125
23.193359375
23.1953125
23.2021484375
23.1953125
23.1943359375
total num:20,dropout num:6
30.44921875
30.4521484375
30.443359375
30.4306640625
30.435546875
30.453125
30.453125
30.4384765625
30.447265625
30.44140625
total num:40,dropout num:4
52.2421875
52.2412109375
52.251953125
52.2470703125
52.2470703125
52.2412109375
52.23828125
52.2451171875
52.2314453125
52.234375
total num:40,dropout num:8
92.87109375
92.8818359375
92.8720703125
92.87890625
92.8896484375
92.8623046875
92.8818359375
92.87109375
92.88671875
92.865234375
total num:40,dropout num:12
121.90234375
121.90234375
121.892578125
121.8623046875
121.888671875
121.8623046875
121.888671875
121.8984375
121.8974609375
121.900390625
total num:60,dropout num:6
117.5810546875
117.5859375
117.5712890625
117.591796875
117.5791015625
117.587890625
117.5810546875
117.5869140625
117.5927734375
117.576171875
total num:60,dropout num:12
209.0244140625
209.0400390625
209.1123046875
209.03125
209.0732421875
209.0166015625
209.0283203125
209.015625
209.0771484375
209.03515625
total num:60,dropout num:18
274.3671875
274.3818359375
274.3271484375
274.3544921875
274.376953125
274.33203125
274.3505859375
274.369140625
274.3505859375
274.3505859375
total num:80,dropout num:8
209.0537109375
209.0693359375
209.0869140625
209.0703125
209.0634765625
209.0673828125
209.0703125
209.0634765625
209.0673828125
209.0703125
total num:80,dropout num:16
371.69140625
371.6396484375
371.6650390625
371.69921875
371.7109375
371.69140625
371.6396484375
371.6650390625
371.69921875
371.7109375
total num:80,dropout num:24
487.8134765625
487.8173828125
487.7763671875
487.88671875
487.8447265625
487.8134765625
487.8173828125
487.7763671875
487.88671875
487.8447265625
total num:100,dropout num:10
326.6982421875
326.6943359375
326.6982421875
326.6943359375
326.6982421875
326.6943359375
326.6982421875
326.6943359375
326.6982421875
326.6943359375
total num:100,dropout num:20
580.8017578125
580.787109375
580.8017578125
580.787109375
580.8017578125
580.787109375
580.8017578125
580.787109375
580.8017578125
580.787109375
total num:100,dropout num:30
762.34765625
762.279296875
762.306640625
762.34765625
762.279296875
762.306640625
762.34765625
762.279296875
762.306640625
762.3476562
