dimension:(1000,)
36.236328125
36.244140625
36.2421875
36.248046875
36.240234375
36.23046875
36.2431640625
36.2490234375
36.236328125
36.236328125
dimension:(2000,)
36.2314453125
36.248046875
36.2177734375
36.244140625
36.259765625
36.2626953125
36.2470703125
36.22265625
36.25
36.23046875
dimension:(3000,)
36.2421875
36.23828125
36.2568359375
36.23828125
36.24609375
36.228515625
36.251953125
36.248046875
36.251953125
36.2421875
dimension:(4000,)
36.2470703125
36.2373046875
36.2470703125
36.248046875
36.2294921875
36.2314453125
36.244140625
36.2451171875
36.2607421875
36.2392578125
dimension:(5000,)
36.234375
36.2548828125
36.25390625
36.23828125
36.2294921875
36.234375
36.2470703125
36.248046875
36.2421875
36.2412109375
