0,19.57,2.2852503341674804
1,36.3,1.9868772235870362
2,69.33,1.0025494944572448
3,72.72999999999999,0.7615601347923279
4,75.24,0.6722346616744995
5,76.22,0.6170572751522064
6,78.84,0.562645023059845
7,80.13,0.5355175554752349
8,81.69999999999999,0.4919517226219177
9,82.69,0.47574521017074584
10,83.16,0.4454200041294098
11,84.22,0.42976586956977847
12,84.72,0.4124997684955597
13,85.18,0.4008623095035553
14,85.5,0.3810106749892235
15,86.21,0.37155710170269013
16,86.61999999999999,0.3615222876548767
17,86.83999999999999,0.3467269371509552
18,87.15,0.34634583485126497
19,87.38,0.33849434030055997
20,87.56,0.3256025237083435
21,87.71,0.32590928213596343
22,88.12,0.3186885783910751
23,88.13,0.3164007086277008
24,88.36,0.30902466402053835
25,88.77000000000001,0.30207710523605347
26,88.77000000000001,0.3008966988325119
27,88.92,0.2979319063484669
28,89.09,0.29484044218063354
29,89.27000000000001,0.2897717321753502
30,89.42999999999999,0.28234270263910294
31,89.75,0.28355106534957886
32,89.64999999999999,0.28021211374998095
33,89.8,0.27551753162145615
34,90.07,0.26992290091514587
35,89.79,0.27171224383115766
36,90.13,0.2692920328617096
37,89.91,0.2695393447399139
38,90.48,0.2626373056769371
39,90.4,0.2620474527478218
0,10.12,2.298677367401123
1,27.66,2.1108904972076417
2,60.62,1.2100423076629638
3,72.50999999999999,0.8136488561630248
4,74.07000000000001,0.7403955458641053
5,76.18,0.7058686773300171
6,77.98,0.5778298638343811
7,79.71000000000001,0.5334915594100952
8,81.22,0.49628868360519407
9,82.64,0.46909072914123534
10,83.22,0.4589186549186707
11,84.16,0.4239611334323883
12,84.41,0.406546164560318
13,85.13,0.39055168933868406
14,86.04,0.37547326836586
15,86.13,0.3692834655284882
16,86.44,0.3561185360431671
17,87.12,0.3503911375284195
18,87.41,0.34367339041233064
19,87.31,0.3420875653982162
20,87.32,0.33945961920022966
21,88.13,0.32583972082138063
22,88.2,0.31572248713970186
23,88.4,0.31593419142961504
24,88.63,0.3021361889123917
25,88.84,0.3022861978650093
26,88.96,0.305739435505867
27,89.33,0.29176054672002794
28,89.53,0.29087354021072387
29,89.38000000000001,0.28740464156866075
30,89.71000000000001,0.285732075715065
31,89.85,0.2813416248321533
32,89.9,0.2769601370096207
33,89.89,0.275833434176445
34,89.98,0.27146498135328295
35,90.01,0.27190338950157167
36,90.44,0.26695010766983035
37,90.64,0.26602728424072264
38,90.58,0.2614084387421608
39,90.21000000000001,0.2657751326799393
0,10.0,2.300362604904175
1,27.76,2.1754716720581055
2,63.38,1.1515188013076783
3,71.78999999999999,0.8198704116821289
4,74.06,0.7064226790428162
5,76.86,0.614611439037323
6,77.98,0.5887707813262939
7,80.30000000000001,0.5498518807888031
8,81.85,0.5023413796424866
9,82.62,0.47651452803611755
10,83.45,0.4483884359359741
11,82.67999999999999,0.4613405580997467
12,84.22,0.4134948926448822
13,85.32,0.4023957998752594
14,85.72999999999999,0.37777510390281677
15,86.00999999999999,0.371670977640152
16,85.99,0.3653146993160248
17,87.31,0.35338355548381806
18,86.79,0.34946323390007017
19,87.26,0.33776048250198365
20,87.47,0.33216282588243484
21,87.82,0.32499203321933745
22,88.25,0.3228877865791321
23,88.31,0.31613400123119356
24,88.46000000000001,0.3137683081388474
25,88.34,0.3121958406209946
26,88.64999999999999,0.3043286094665527
27,89.05,0.2981675302028656
28,89.22,0.2966078456401825
29,88.94999999999999,0.29434357032775876
30,89.66,0.28909557470083236
31,89.39,0.28862650701999665
32,89.44,0.28265029463768004
33,89.63,0.2789052386522293
34,89.97,0.2802825132369995
35,90.14999999999999,0.27173330410718916
36,90.18,0.2724157082080841
37,89.97,0.27090442717075347
38,90.03,0.2698105481624603
39,90.34,0.2650812026679516
0,10.0,2.3029727001190183
1,20.66,2.2197617794036866
2,50.91,1.5226697132110596
3,65.24,1.0286257405281067
4,72.57000000000001,0.7747571388244628
5,74.92,0.6616786054611206
6,77.09,0.6137700322151184
7,78.59,0.5767254522323608
8,80.08,0.5253089191913605
9,81.67999999999999,0.49987450194358823
10,82.26,0.4678855330467224
11,83.13000000000001,0.45380906414985656
12,84.19,0.4376095789909363
13,84.59,0.4155747010231018
14,85.08,0.4005308432102203
15,85.18,0.3892506987094879
16,85.92999999999999,0.3815951664447784
17,86.33,0.36543925304412844
18,86.61999999999999,0.35972067179679873
19,86.5,0.35209519766569136
20,87.4,0.3436321812391281
21,87.03999999999999,0.33975218131542206
22,87.75,0.33441431918144227
23,88.2,0.3253916879534721
24,88.09,0.3220835836648941
25,88.48,0.3150902459859848
26,88.74,0.3115801288127899
27,88.87,0.30840366945266723
28,88.75,0.30388236775398253
29,88.7,0.3001388262629509
30,89.32,0.2969041825771332
31,89.55,0.28898947435617445
32,89.57000000000001,0.2853764946222305
33,89.51,0.2875869030475616
34,89.55,0.2817378521621227
35,89.48,0.27757335419654844
36,89.96,0.2780753651022911
37,90.16999999999999,0.2755485729813576
38,90.12,0.2701223839044571
39,90.25,0.26910584814548494
0,14.510000000000002,2.3010528297424315
1,24.97,2.1686941028594973
2,59.150000000000006,1.3121870950698853
3,68.34,0.937220877456665
4,73.71,0.6938877267837524
5,75.39,0.6657519283294677
6,78.36,0.5858479002952576
7,79.72,0.5550808316230774
8,81.16,0.5131113265037537
9,81.67999999999999,0.4825344913005829
10,82.77,0.46767988781929015
11,83.63000000000001,0.43029513773918154
12,84.45,0.414508938741684
13,84.94,0.40337999091148374
14,85.32,0.38578385756015776
15,85.36,0.391863024520874
16,85.98,0.37386720128059386
17,86.63,0.35796796987056734
18,86.71,0.34942956521511076
19,86.76,0.3520020595788956
20,87.03999999999999,0.34081489239931106
21,87.44,0.3356248274564743
22,87.97,0.3237344651222229
23,87.97,0.32149315986633303
24,87.99,0.3239044440627098
25,88.44999999999999,0.3138701459169388
26,88.6,0.30701772294044494
27,88.49000000000001,0.30359401021003724
28,88.75999999999999,0.30299422421455385
29,89.12,0.2984792021989822
30,89.02,0.2904275226593018
31,89.51,0.2958422030925751
32,89.56,0.2814347158432007
33,89.49000000000001,0.28299247493743895
34,89.25999999999999,0.2860987946033478
35,89.94,0.2753760348916054
36,89.87,0.2761553084731102
37,90.10000000000001,0.2705702500462532
38,90.42,0.26555676493644714
39,89.88000000000001,0.27208177564144137
