0.000579833984375
0.0006349086761474609
0.0005962848663330078
0.0005898475646972656
0.0006382465362548828
0.0005922317504882812
0.0005898475646972656
0.0006101131439208984
0.0005877017974853516
0.0005872249603271484
0.0005848407745361328
0.0005824565887451172
0.0005869865417480469
0.0005893707275390625
0.0005855560302734375
0.0005941390991210938
0.000637054443359375
0.000583648681640625
0.0006318092346191406
0.0006315708160400391
0.0006313323974609375
0.0005970001220703125
0.0005803108215332031
0.0005841255187988281
0.0005850791931152344
0.0005829334259033203
0.0006372928619384766
0.0005817413330078125
0.0006186962127685547
0.0006554126739501953
0.0005817413330078125
0.0005822181701660156
0.0006310939788818359
0.0006296634674072266
0.0005950927734375
0.0006318092346191406
0.0006535053253173828
0.0005834102630615234
0.0005903244018554688
0.0006175041198730469
0.0005841255187988281
0.0006151199340820312
0.0005850791931152344
0.0005896091461181641
0.0006108283996582031
0.0005834102630615234
0.0005896091461181641
0.0005829334259033203
0.0005919933319091797
0.0005853176116943359
